4.494168236851692200e-02
-2.236731350421905518e-01
-9.558780491352081299e-02
9.471019357442855835e-02
1.078826636075973511e-01
-2.488489300012588501e-01
1.166038215160369873e-01
9.007129073143005371e-02
-2.311764359474182129e-01
-8.894879370927810669e-02
-1.652899831533432007e-01
3.800068795680999756e-02
-4.462067037820816040e-02
-2.527437545359134674e-02
1.730846762657165527e-01
8.085453510284423828e-02
-1.791897714138031006e-01
1.041473075747489929e-01
7.520136982202529907e-02
-1.898951232433319092e-01
-9.184711426496505737e-02
-1.382002979516983032e-02
1.945748925209045410e-01
1.934968866407871246e-02
-2.008112519979476929e-01
5.580140650272369385e-02
-1.231011897325515747e-01
-9.900531917810440063e-02
-1.211396045982837677e-02
-6.730430573225021362e-02
-8.087214082479476929e-02
-8.829378336668014526e-02
-3.222715556621551514e-01
2.403896301984786987e-02
-7.458604127168655396e-02
1.693860739469528198e-01
-2.536045014858245850e-01
-1.196306422352790833e-01
-1.990747004747390747e-01
2.053914405405521393e-02
-5.282823368906974792e-02
5.648257955908775330e-02
-4.377493634819984436e-02
-1.448187083005905151e-01
3.164691627025604248e-01
-7.079529762268066406e-02
-1.630481332540512085e-01
1.300184279680252075e-01
-1.035740673542022705e-01
-1.733223795890808105e-01
-4.260596036911010742e-01
1.008062213659286499e-01
2.536253929138183594e-01
9.425189346075057983e-02
-1.338386982679367065e-01
-2.011559009552001953e-01
1.907988041639328003e-01
-7.505939155817031860e-02
1.961303949356079102e-01
-2.527338266372680664e-01
2.130601368844509125e-02
9.706762433052062988e-02
1.749551389366388321e-03
4.411467537283897400e-02
2.298615723848342896e-01
1.217026561498641968e-01
-8.950669318437576294e-02
-1.248479560017585754e-01
-5.010079964995384216e-02
-1.473115086555480957e-01
-1.449328288435935974e-02
-1.143456250429153442e-02
-1.009303405880928040e-01
-3.160447478294372559e-01
-1.469676941633224487e-01
3.578647226095199585e-02
3.180874511599540710e-02
-8.184481412172317505e-02
-1.080384105443954468e-01
4.464488625526428223e-01
-1.825242042541503906e-01
-7.845298945903778076e-02
-2.481159120798110962e-01
9.445483982563018799e-02
1.616086959838867188e-01
1.391909122467041016e-01
-4.168823659420013428e-01
8.074965327978134155e-02
-2.482587099075317383e-01
-1.096082404255867004e-01
-8.367691934108734131e-02
1.267232894897460938e-01
1.984637789428234100e-02
-1.778485178947448730e-01
2.041924893856048584e-01
4.954293370246887207e-02
-1.891279369592666626e-01
-1.101548746228218079e-01
6.732846051454544067e-02
8.554788678884506226e-02
-2.860640585422515869e-01
-9.923169761896133423e-02
-4.992710426449775696e-02
-4.522221982479095459e-01
-2.099131494760513306e-01
6.925912201404571533e-02
-9.658697247505187988e-02
8.140835911035537720e-02
-6.729802489280700684e-02
-2.657596208155155182e-02
-2.665827870368957520e-01
-6.956548988819122314e-02
-4.958484321832656860e-02
2.407813817262649536e-02
6.428169459104537964e-02
7.509695738554000854e-02
-1.455641835927963257e-01
-2.567425668239593506e-01
-1.223324760794639587e-01
7.191874831914901733e-02
2.215547114610671997e-01
5.795208737254142761e-02
3.168664574623107910e-01
-5.817688629031181335e-02
-2.554232776165008545e-01
-4.488639906048774719e-02
9.927949868142604828e-03
-2.113187909126281738e-01
