8.946217596530914307e-02
-2.396564185619354248e-01
1.223017345182597637e-03
4.705136269330978394e-02
9.501122683286666870e-02
-3.021048605442047119e-01
2.207678370177745819e-02
-5.932876840233802795e-02
-2.274124622344970703e-01
-3.556699678301811218e-02
-1.632785350084304810e-01
2.572968043386936188e-02
-8.877446502447128296e-02
-1.062377169728279114e-01
8.799611777067184448e-02
1.073342561721801758e-01
-1.983929872512817383e-01
9.771406650543212891e-02
1.106119602918624878e-01
-2.117454260587692261e-01
-7.641080766916275024e-02
-1.576423645019531250e-02
2.122579663991928101e-01
5.298211053013801575e-02
-1.569655537605285645e-01
7.767927646636962891e-02
-7.657024264335632324e-02
-7.545806467533111572e-02
-1.311562117189168930e-02
-9.883253276348114014e-02
-1.637041419744491577e-01
-3.040677867829799652e-02
-2.944668531417846680e-01
-1.177154704928398132e-01
-1.230227798223495483e-01
1.787157356739044189e-01
-3.057125508785247803e-01
-1.336368173360824585e-01
-1.245461329817771912e-01
1.060912609100341797e-01
-2.099744416773319244e-02
1.378505080938339233e-01
6.833323091268539429e-02
-2.091391533613204956e-01
3.934105634689331055e-01
-2.957647666335105896e-02
-5.662240460515022278e-02
9.090687334537506104e-02
-1.277417987585067749e-01
-2.641692161560058594e-01
-4.223375916481018066e-01
1.301856786012649536e-01
2.130639404058456421e-01
5.517492815852165222e-02
-1.613431870937347412e-01
-2.694472670555114746e-01
1.117055714130401611e-01
-6.535471975803375244e-02
1.701239645481109619e-01
-1.965943276882171631e-01
-2.611737884581089020e-02
1.001177802681922913e-01
-6.712173670530319214e-02
-2.894300408661365509e-02
1.693618148565292358e-01
2.237208932638168335e-02
-1.022600308060646057e-01
-4.685561731457710266e-02
-5.824205651879310608e-02
-2.785875797271728516e-01
-7.383721880614757538e-03
1.738891378045082092e-02
-1.325712502002716064e-01
-3.228099048137664795e-01
-2.388227581977844238e-01
-4.077753797173500061e-02
2.411847002804279327e-02
-1.119980067014694214e-01
-1.521916240453720093e-01
4.609945118427276611e-01
-1.393333673477172852e-01
-2.717432333156466484e-03
-2.495012283325195312e-01
4.648307710886001587e-02
1.724297851324081421e-01
1.267058253288269043e-01
-4.238432943820953369e-01
1.424678862094879150e-01
-2.428640127182006836e-01
-1.657061576843261719e-01
-2.940413728356361389e-02
1.830126345157623291e-01
9.933920949697494507e-02
-2.114202380180358887e-01
2.840006053447723389e-01
8.516949415206909180e-02
-1.105395331978797913e-01
-1.219042688608169556e-01
-1.285701151937246323e-02
5.547523126006126404e-02
-3.405962288379669189e-01
-6.320396065711975098e-02
1.128813903778791428e-02
-3.953924179077148438e-01
-2.954367101192474365e-01
-1.575773814693093300e-03
-7.257568091154098511e-02
8.783774822950363159e-02
-3.821140620857477188e-03
-5.904914811253547668e-02
-1.778667718172073364e-01
-1.818436235189437866e-01
-4.035784676671028137e-02
-7.582610845565795898e-02
1.686563193798065186e-01
-3.089765086770057678e-02
-8.037179708480834961e-02
-3.655652403831481934e-01
-1.671085804700851440e-01
8.258289843797683716e-02
3.324360251426696777e-01
3.654409199953079224e-02
2.108471691608428955e-01
-1.114273592829704285e-01
-2.707156240940093994e-01
1.280259042978286743e-01
-7.262885570526123047e-02
-1.642962992191314697e-01
