-1.623964905738830566e-01
-1.109195351600646973e-01
6.129554659128189087e-02
-2.674993872642517090e-01
4.787197709083557129e-02
-2.200242131948471069e-02
2.654194533824920654e-01
1.130290329456329346e-01
-1.958411633968353271e-01
-1.354158073663711548e-01
-1.836394965648651123e-01
-1.371582746505737305e-01
4.602437093853950500e-02
-4.867344722151756287e-02
-9.046357870101928711e-02
2.006402313709259033e-01
8.309736847877502441e-02
-3.445022553205490112e-02
3.762042522430419922e-02
-1.047368198633193970e-01
-8.745537698268890381e-02
-1.478762626647949219e-01
3.444732353091239929e-02
3.962664008140563965e-01
-9.579471498727798462e-02
3.145634010434150696e-02
1.882019639015197754e-01
-2.197489589452743530e-01
2.556362655013799667e-03
-2.578196227550506592e-01
9.563086926937103271e-02
-8.786718547344207764e-02
-1.060052588582038879e-01
1.608825474977493286e-01
-1.440510600805282593e-01
-4.192392900586128235e-02
-1.386961340904235840e-01
4.961406439542770386e-02
-9.509310871362686157e-02
-6.632226519286632538e-03
1.082222089171409607e-01
1.722238399088382721e-02
-9.468366205692291260e-02
-1.840575635433197021e-01
5.883844569325447083e-02
1.495186835527420044e-01
2.037402093410491943e-01
-1.021636426448822021e-01
-1.001323685050010681e-01
-3.893306106328964233e-02
-2.293316572904586792e-01
-9.428018331527709961e-02
1.578737646341323853e-01
1.091466620564460754e-01
-7.951602339744567871e-02
9.976003319025039673e-02
-5.035836249589920044e-02
4.295900464057922363e-02
1.736242771148681641e-01
-1.229140534996986389e-01
-1.853114664554595947e-01
1.597514152526855469e-01
2.397928982973098755e-01
-6.061934400349855423e-03
3.122332692146301270e-02
-1.264624483883380890e-02
-1.772023141384124756e-01
-7.696151733398437500e-02
8.564029633998870850e-02
-2.348222211003303528e-02
9.838007390499114990e-02
-8.655479177832603455e-04
-3.588005155324935913e-02
-2.396786063909530640e-01
-1.266221851110458374e-01
8.186703920364379883e-02
2.665558159351348877e-01
-1.641247570514678955e-01
-2.939873933792114258e-01
2.271875888109207153e-01
-1.343050301074981689e-01
-1.467704027891159058e-01
-1.511133760213851929e-01
4.755736514925956726e-02
1.599883139133453369e-01
4.611387550830841064e-01
-8.926817774772644043e-02
1.309003978967666626e-01
-8.255124837160110474e-02
8.914938080124557018e-04
2.809678316116333008e-01
9.463787078857421875e-03
-2.721901535987854004e-01
-8.531000930815935135e-04
2.597016282379627228e-02
1.735127866268157959e-01
-1.995209753513336182e-01
-7.353533059358596802e-02
-5.469634756445884705e-02
3.586974740028381348e-01
-2.608382701873779297e-01
-1.168873980641365051e-01
-2.935784682631492615e-02
-4.115084409713745117e-01
1.608481854200363159e-01
4.104487225413322449e-02
1.990084499120712280e-01
-2.083091437816619873e-01
-1.210460141301155090e-01
2.081149816513061523e-02
-1.787033379077911377e-01
1.747214980423450470e-02
-1.322099119424819946e-01
1.466116458177566528e-01
1.703581809997558594e-01
-5.354589968919754028e-02
-8.490166068077087402e-02
-6.712264567613601685e-02
-5.670103058218955994e-02
1.476808786392211914e-01
-4.686247184872627258e-02
-1.157158762216567993e-01
5.202773585915565491e-02
-8.048292994499206543e-02
-1.546104997396469116e-01
3.612854480743408203e-01
-5.400785431265830994e-02
-5.118757113814353943e-02
