2.881480008363723755e-02
4.767519980669021606e-02
-5.245309695601463318e-02
3.454647660255432129e-01
4.577839374542236328e-02
-6.477177143096923828e-03
1.017737835645675659e-01
1.938576996326446533e-01
-1.788694113492965698e-01
1.592549532651901245e-01
-1.252385824918746948e-01
1.394454240798950195e-01
1.059812381863594055e-01
1.580565422773361206e-02
2.668635547161102295e-01
6.160573102533817291e-04
5.716850236058235168e-02
2.934245765209197998e-02
-2.947552688419818878e-02
-2.143329679965972900e-01
5.717860162258148193e-02
2.263653725385665894e-01
1.209271848201751709e-01
-1.288540959358215332e-01
2.524150907993316650e-01
8.237465471029281616e-02
1.686615049839019775e-01
3.493638634681701660e-01
3.149484992027282715e-01
-2.614460140466690063e-02
-5.078149493783712387e-03
3.340511769056320190e-02
5.387296900153160095e-02
3.028182685375213623e-01
-3.519342467188835144e-02
2.081247279420495033e-03
-1.675841957330703735e-01
2.458889633417129517e-01
-8.275563828647136688e-03
-4.621312767267227173e-02
-9.918397292494773865e-03
1.791389733552932739e-01
-8.664560317993164062e-02
-1.211349815130233765e-01
1.502130925655364990e-01
6.554087251424789429e-02
5.324951838701963425e-03
9.352419525384902954e-02
-3.701207041740417480e-02
-1.512633860111236572e-01
-9.811941534280776978e-02
1.075621917843818665e-01
2.266947478055953979e-01
2.289222925901412964e-01
-7.568098604679107666e-02
7.003562059253454208e-03
-3.234718367457389832e-02
1.601115167140960693e-01
-9.986151009798049927e-03
-1.160745844244956970e-01
-1.286203414201736450e-01
3.592170029878616333e-02
5.444445461034774780e-02
1.261608153581619263e-01
-3.904515132308006287e-02
1.427844315767288208e-01
-4.741638153791427612e-02
1.339389979839324951e-01
-6.937558203935623169e-02
4.309440031647682190e-02
-1.492044478654861450e-01
1.024353429675102234e-01
1.105227544903755188e-01
4.087616875767707825e-02
-2.872880697250366211e-01
1.964110881090164185e-01
2.195893824100494385e-01
-1.162957027554512024e-01
-2.025149762630462646e-01
-1.011154055595397949e-01
-1.045632269233465195e-02
2.488539218902587891e-01
-4.866921901702880859e-02
2.428966462612152100e-01
1.550439000129699707e-02
3.477185964584350586e-01
3.229700028896331787e-02
-1.622564904391765594e-02
4.130648672580718994e-01
-1.275405585765838623e-01
4.240364730358123779e-01
6.280192732810974121e-02
1.825838685035705566e-01
5.306053534150123596e-02
2.318661808967590332e-01
-7.832123339176177979e-02
1.348864883184432983e-01
-1.769975423812866211e-01
1.160181760787963867e-01
1.178335547447204590e-01
-2.889525890350341797e-02
-6.404918432235717773e-02
-9.424618631601333618e-02
-2.742269635200500488e-01
1.104119271039962769e-01
-3.056670166552066803e-02
3.068425953388214111e-01
2.091114521026611328e-01
1.589895226061344147e-02
-2.676272764801979065e-02
-9.278290718793869019e-02
1.577492058277130127e-02
2.766331657767295837e-02
-1.365205943584442139e-01
1.210268214344978333e-01
1.653323024511337280e-01
1.933953762054443359e-01
2.883530780673027039e-02
-7.212606817483901978e-02
1.090477555990219116e-01
1.018078699707984924e-01
2.424168884754180908e-01
1.270822882652282715e-01
4.339407384395599365e-01
-1.241194829344749451e-02
1.023954600095748901e-01
-1.862025260925292969e-02
-2.787899672985076904e-01
