6.045924872159957886e-02
2.732288241386413574e-01
3.575635701417922974e-02
1.359247714281082153e-01
5.869916081428527832e-02
-2.049706429243087769e-01
1.039617136120796204e-01
2.468361705541610718e-01
1.973544508218765259e-01
1.916368156671524048e-01
2.127169817686080933e-01
-1.908756196498870850e-01
2.396639287471771240e-01
-6.477226316928863525e-02
-2.331791818141937256e-01
2.981895804405212402e-01
2.084424048662185669e-01
-1.295309364795684814e-01
1.801111698150634766e-01
2.368176355957984924e-02
1.519724726676940918e-01
2.467316538095474243e-01
-2.611841261386871338e-02
1.726118102669715881e-02
2.415060624480247498e-02
-2.215993851423263550e-01
2.018813341856002808e-01
1.278153359889984131e-01
-8.696106076240539551e-02
3.432657569646835327e-02
2.668168544769287109e-01
7.817412912845611572e-02
-2.242501527070999146e-01
1.533904522657394409e-01
-1.803876645863056183e-02
-1.267817467451095581e-01
-1.801513731479644775e-01
-1.760994940996170044e-01
1.075196713209152222e-01
2.056677192449569702e-01
9.453608840703964233e-02
2.795959413051605225e-01
-1.316902488470077515e-01
-6.792678683996200562e-02
-8.347027748823165894e-02
-3.370771184563636780e-02
1.484155654907226562e-01
-1.997961252927780151e-01
2.036267817020416260e-01
1.548657417297363281e-01
4.402846470475196838e-02
1.276093721389770508e-01
-3.576459586620330811e-01
-9.813135117292404175e-02
-8.925908245146274567e-03
2.290552556514739990e-01
3.033811151981353760e-01
-2.792001068592071533e-01
-5.094379559159278870e-02
8.448866009712219238e-02
8.775825798511505127e-02
-1.242154911160469055e-01
1.721341535449028015e-02
2.056097835302352905e-01
-9.250092506408691406e-02
-1.898731589317321777e-01
-2.529902197420597076e-02
-1.009254455566406250e-01
-2.008543908596038818e-01
1.358469575643539429e-01
-3.877036273479461670e-02
1.942952573299407959e-01
2.941227331757545471e-02
-1.321019381284713745e-01
2.209725230932235718e-01
-2.339840829372406006e-01
-2.413824051618576050e-01
-6.990971416234970093e-02
-2.704702615737915039e-01
-1.650202870368957520e-01
2.666552662849426270e-01
2.916314303874969482e-01
-2.381516061723232269e-02
2.154158800840377808e-01
2.294470071792602539e-01
-1.906783878803253174e-01
4.244030639529228210e-02
-1.324402634054422379e-03
-2.703113555908203125e-01
7.291919738054275513e-02
-1.206569373607635498e-01
1.749707013368606567e-01
1.265334784984588623e-01
1.030554696917533875e-01
1.944457739591598511e-01
-6.279215216636657715e-02
-2.284549325704574585e-01
1.134388893842697144e-01
2.976078391075134277e-01
-1.136151179671287537e-01
-1.576118916273117065e-02
-1.124025508761405945e-01
-1.607277393341064453e-01
1.396985203027725220e-01
1.388861387968063354e-01
8.432748727500438690e-03
3.200407028198242188e-01
-3.715741336345672607e-01
3.118630945682525635e-01
-8.885359764099121094e-02
-1.096628084778785706e-01
2.501812577247619629e-01
2.716139256954193115e-01
-3.888063430786132812e-01
-2.231411188840866089e-01
-2.296116650104522705e-01
-1.408639550209045410e-01
5.138425156474113464e-02
3.006272614002227783e-01
-1.100921556353569031e-01
-2.012778967618942261e-01
2.273428887128829956e-01
-4.011433199048042297e-02
1.199873909354209900e-01
2.877106666564941406e-01
1.702538281679153442e-01
-9.675887972116470337e-02
-3.723783418536186218e-02
