-7.144897431135177612e-02
1.113250628113746643e-01
-9.886528551578521729e-02
1.221008598804473877e-01
-2.659308351576328278e-02
-4.849978163838386536e-02
1.205068230628967285e-01
1.171782314777374268e-01
9.736678004264831543e-02
1.510859727859497070e-01
2.266113758087158203e-01
-2.037523984909057617e-01
2.075559049844741821e-01
-2.009678333997726440e-01
-2.505828142166137695e-01
3.069752156734466553e-01
8.972075581550598145e-02
-1.051109060645103455e-01
2.757509648799896240e-01
1.019175350666046143e-01
9.985033422708511353e-02
3.175889551639556885e-01
-1.356807202100753784e-01
-9.348588995635509491e-03
1.276507079601287842e-01
-2.130154520273208618e-01
2.021580040454864502e-01
1.738409250974655151e-01
-5.698474496603012085e-02
3.588965162634849548e-02
2.650659680366516113e-01
1.117467880249023438e-01
-2.729994952678680420e-01
1.365095078945159912e-01
3.866588929668068886e-03
-1.234882622957229614e-01
-6.753722578287124634e-02
-1.739287674427032471e-01
2.568242326378822327e-02
3.104576468467712402e-01
1.171895340085029602e-01
3.220888376235961914e-01
-1.357421875000000000e-01
-1.379083245992660522e-01
-1.532993465662002563e-01
-5.753604322671890259e-02
2.006878256797790527e-01
-1.767884045839309692e-01
1.704381406307220459e-01
2.715018093585968018e-01
-3.505812212824821472e-02
8.083640038967132568e-02
-3.695322871208190918e-01
3.058431856334209442e-02
-1.083737909793853760e-01
6.218513846397399902e-02
3.030596971511840820e-01
-3.228779733180999756e-01
-1.055675894021987915e-01
6.622340530157089233e-02
1.457735747098922729e-01
-1.182229369878768921e-01
1.119668260216712952e-01
1.409532576799392700e-01
6.596127897500991821e-02
-3.425429761409759521e-01
-8.223138749599456787e-02
-1.519755870103836060e-01
-2.749087214469909668e-01
-3.176039317622780800e-03
8.518114686012268066e-02
1.743177026510238647e-01
2.486053481698036194e-02
-2.097855955362319946e-01
1.585052609443664551e-01
-2.393767386674880981e-01
-2.229540944099426270e-01
-3.149762004613876343e-02
-2.681928873062133789e-01
-1.731871813535690308e-01
2.498016357421875000e-01
2.434354424476623535e-01
6.006735190749168396e-02
2.822013497352600098e-01
2.725812792778015137e-01
-3.015571534633636475e-01
1.137966737151145935e-01
-6.863623857498168945e-02
-4.282222688198089600e-01
7.337857782840728760e-02
9.559230878949165344e-03
1.927189975976943970e-01
1.043961867690086365e-01
1.631947010755538940e-01
2.109317332506179810e-01
-1.572949066758155823e-02
-2.219434678554534912e-01
-3.425478562712669373e-02
2.117459028959274292e-01
-3.684632107615470886e-02
1.774732954800128937e-02
-9.368672966957092285e-02
-1.409626007080078125e-01
1.809905469417572021e-01
2.568565309047698975e-01
-4.857766907662153244e-03
2.859918177127838135e-01
-4.201880991458892822e-01
2.119869291782379150e-01
-1.048363000154495239e-01
-2.153653651475906372e-02
1.846129298210144043e-01
2.060834914445877075e-01
-3.478702008724212646e-01
-8.804990351200103760e-02
-2.692032456398010254e-01
-1.839574277400970459e-01
2.299994975328445435e-02
1.772415339946746826e-01
-4.502486810088157654e-02
-3.243333399295806885e-01
7.644027471542358398e-02
-9.182393550872802734e-02
1.096189543604850769e-01
2.243488132953643799e-01
1.752627193927764893e-01
-1.070167645812034607e-01
-1.815313398838043213e-01
