-1.325278133153915405e-01
-9.018250554800033569e-02
5.811388790607452393e-02
-1.544503718614578247e-01
-5.068912729620933533e-02
-3.067306429147720337e-02
2.960300445556640625e-01
-4.023152589797973633e-02
-9.760820120573043823e-02
-1.276628375053405762e-01
-2.641766071319580078e-01
-8.305973559617996216e-02
-1.755334809422492981e-02
-8.055970072746276855e-02
-1.033773180097341537e-02
1.751032173633575439e-01
4.768959246575832367e-03
-1.401183605194091797e-01
1.966679096221923828e-02
-1.984525769948959351e-01
-2.738599292933940887e-02
-2.300004363059997559e-01
3.551611152943223715e-04
2.931761443614959717e-01
-5.157715827226638794e-02
-6.103930994868278503e-02
1.240210533142089844e-01
-1.507363319396972656e-01
4.682155698537826538e-02
-2.150782197713851929e-01
2.950517646968364716e-02
-5.002460628747940063e-02
9.427915327250957489e-03
1.494134217500686646e-01
-7.334551960229873657e-02
-2.405693382024765015e-02
-1.231576502323150635e-01
1.467791497707366943e-01
-4.197671543806791306e-03
9.322608821094036102e-03
1.263094842433929443e-01
1.255673766136169434e-01
-1.552460044622421265e-01
-1.352802515029907227e-01
1.540524363517761230e-01
2.524137198925018311e-01
1.005384922027587891e-01
3.033579885959625244e-02
-4.392576962709426880e-02
-1.330212056636810303e-01
-1.470523625612258911e-01
-5.042987316846847534e-02
1.825160235166549683e-01
1.021590009331703186e-01
-2.061598896980285645e-01
1.656735092401504517e-01
-7.669139653444290161e-02
8.535629510879516602e-02
2.626331150531768799e-01
-2.522743642330169678e-01
-1.878267228603363037e-01
2.255837023258209229e-01
2.029848545789718628e-01
-3.938118368387222290e-02
4.373229667544364929e-02
2.579477056860923767e-02
-1.933848857879638672e-01
-2.191806286573410034e-01
5.422731488943099976e-02
-3.608614951372146606e-02
-1.346402708441019058e-02
-5.829592421650886536e-02
6.219016760587692261e-02
-1.365132629871368408e-01
-1.957803666591644287e-01
1.516473740339279175e-01
1.680688560009002686e-01
-9.574793279170989990e-02
-1.768281012773513794e-01
1.736686676740646362e-01
-8.500185608863830566e-02
-6.440284103155136108e-02
-1.688224375247955322e-01
2.795766107738018036e-02
8.066157251596450806e-02
4.610742628574371338e-01
-4.111357033252716064e-02
1.201301813125610352e-01
-1.400331407785415649e-01
-6.754306145012378693e-03
2.367863059043884277e-01
-1.330612301826477051e-01
-2.766506671905517578e-01
5.011707916855812073e-02
1.266649644821882248e-02
2.800014615058898926e-01
-1.176372170448303223e-01
9.290755726397037506e-03
-9.062380343675613403e-02
2.303132414817810059e-01
-1.247232407331466675e-01
-6.638579815626144409e-02
-4.387905076146125793e-02
-4.333522915840148926e-01
1.356004625558853149e-01
2.244009450078010559e-02
1.472382098436355591e-01
-1.900761723518371582e-01
-1.199639439582824707e-01
5.308798328042030334e-02
-5.365187302231788635e-02
-1.137512698769569397e-01
-1.093715354800224304e-01
-7.351250387728214264e-04
2.497288286685943604e-01
3.766749054193496704e-02
-1.100119352340698242e-01
-7.939823716878890991e-02
1.253596413880586624e-02
1.752622276544570923e-01
-3.217823058366775513e-02
-8.168186247348785400e-02
1.311970651149749756e-01
-1.504140347242355347e-02
-1.385254263877868652e-01
1.973764598369598389e-01
1.051504611968994141e-01
-4.276781901717185974e-02
