5.683164298534393311e-02
5.903546139597892761e-02
-6.823174655437469482e-02
3.748103678226470947e-01
5.170555040240287781e-02
-9.607474319636821747e-03
8.980281651020050049e-02
2.145224213600158691e-01
-2.213507443666458130e-01
1.316613554954528809e-01
-8.815143257379531860e-02
-1.026108022779226303e-02
2.720777392387390137e-01
1.134620159864425659e-01
2.617667913436889648e-01
-2.521289885044097900e-02
1.093623228371143341e-02
-3.945031017065048218e-02
3.603978455066680908e-02
-1.586104184389114380e-01
-4.759893752634525299e-03
1.794568002223968506e-01
1.204373091459274292e-01
-2.693531289696693420e-02
2.656939029693603516e-01
4.161895066499710083e-02
4.357853904366493225e-03
3.927657306194305420e-01
2.589810788631439209e-01
-6.375022232532501221e-02
-4.620809853076934814e-02
9.230703860521316528e-02
1.547468081116676331e-02
2.615014612674713135e-01
-2.519521303474903107e-02
1.534593850374221802e-02
-1.648065596818923950e-01
1.868245601654052734e-01
1.851836778223514557e-02
-5.514945834875106812e-02
6.643127650022506714e-02
2.113001048564910889e-01
-6.523630768060684204e-02
-4.939321056008338928e-02
2.997330725193023682e-01
-1.966071315109729767e-02
-2.967897430062294006e-02
7.282379269599914551e-02
-1.353655159473419189e-01
-1.087122187018394470e-01
-1.057092323899269104e-01
5.977040156722068787e-03
1.648232340812683105e-01
2.521433830261230469e-01
-1.633014827966690063e-01
3.287844359874725342e-02
-3.785396926105022430e-03
2.809206545352935791e-01
-8.300930261611938477e-02
-1.710000187158584595e-01
-1.723510921001434326e-01
3.371664509177207947e-02
9.756174683570861816e-02
3.871541097760200500e-02
1.258150041103363037e-01
5.395904928445816040e-02
-8.064723759889602661e-02
2.407816648483276367e-01
-1.220355108380317688e-01
-9.156260639429092407e-02
-1.364381164312362671e-01
1.035228092223405838e-02
1.406281888484954834e-01
-1.543817925266921520e-04
-2.225438803434371948e-01
1.202705949544906616e-01
2.753788530826568604e-01
-1.427598744630813599e-01
-1.363097429275512695e-01
2.457186020910739899e-02
9.920681267976760864e-02
2.394125759601593018e-01
8.677804470062255859e-02
2.024205178022384644e-01
5.400687828660011292e-02
3.217104971408843994e-01
4.813954979181289673e-02
3.738414123654365540e-02
2.838810086250305176e-01
-1.068416461348533630e-01
5.000574588775634766e-01
5.240834131836891174e-02
1.072293370962142944e-01
1.295574605464935303e-01
1.272685974836349487e-01
4.589360952377319336e-02
8.553175628185272217e-02
-2.198928780853748322e-02
9.811780601739883423e-02
1.543051302433013916e-01
-1.016564071178436279e-01
8.484528400003910065e-03
-4.534653201699256897e-02
-2.660717070102691650e-01
1.772446930408477783e-01
-1.028482466936111450e-01
2.179303616285324097e-01
1.992289721965789795e-01
1.057149469852447510e-02
-2.998996712267398834e-02
-4.484433680772781372e-03
1.182760447263717651e-01
3.956788405776023865e-02
-1.486010551452636719e-01
1.148525476455688477e-01
1.554851680994033813e-01
3.371622264385223389e-01
3.063804097473621368e-02
-1.212756037712097168e-01
1.660877913236618042e-01
1.996720582246780396e-01
2.349489629268646240e-01
1.935453712940216064e-01
4.895003437995910645e-01
1.261832425370812416e-03
1.155863776803016663e-01
-6.622985005378723145e-02
-2.307681292295455933e-01
