7.734016418457031250e+01
2.394140052795410156e+01
2.415671348571777344e+01
1.258845233917236328e+01
1.479897212982177734e+01
1.123179817199707031e+01
1.053821754455566406e+01
9.492764472961425781e+00
9.203269958496093750e+00
8.546770095825195312e+00
7.559537410736083984e+00
7.719844818115234375e+00
7.698137283325195312e+00
7.665179252624511719e+00
7.737570285797119141e+00
7.427671432495117188e+00
7.443948745727539062e+00
7.068692684173583984e+00
6.955589771270751953e+00
7.005339622497558594e+00
6.495536327362060547e+00
6.360105991363525391e+00
5.973872661590576172e+00
5.595651149749755859e+00
4.917299747467041016e+00
4.897015094757080078e+00
4.533029079437255859e+00
4.332291126251220703e+00
4.098423004150390625e+00
4.021602630615234375e+00
3.574788808822631836e+00
3.254089117050170898e+00
3.098340749740600586e+00
3.058827161788940430e+00
2.974889278411865234e+00
2.996169090270996094e+00
2.795653343200683594e+00
2.764689922332763672e+00
2.575241327285766602e+00
2.534465074539184570e+00
