-1.329377441406250000e+02
4.114928817749023438e+01
7.430744647979736328e+00
2.889601945877075195e+00
-1.012277603149414062e+01
-8.110846519470214844e+00
-9.711016654968261719e+00
-5.391023159027099609e+00
-8.458940505981445312e+00
-4.362299442291259766e+00
-4.595504283905029297e+00
-5.875662803649902344e+00
-6.130854129791259766e+00
-3.412835597991943359e+00
-2.272485017776489258e+00
1.822669655084609985e-01
-1.391595363616943359e+00
3.967295885086059570e-01
-2.031756639480590820e+00
-1.351672649383544922e+00
-2.490918397903442383e+00
-6.554259061813354492e-01
-1.036815285682678223e+00
3.857402503490447998e-01
-7.921037673950195312e-01
1.035664528608322144e-01
-3.191761374473571777e-01
5.522861480712890625e-01
5.919060707092285156e-01
9.313920736312866211e-01
5.286214351654052734e-01
5.798839330673217773e-01
-4.264496862888336182e-01
-4.202790185809135437e-02
-7.587309181690216064e-02
4.046853184700012207e-01
-2.593381516635417938e-02
1.104563400149345398e-01
-2.280359566211700439e-01
1.314775086939334869e-02
