-1.090669725090265274e-02
1.559658348560333252e-01
-3.343495726585388184e-02
-2.217958867549896240e-01
-4.532218351960182190e-02
-7.160004377365112305e-01
-4.644730389118194580e-01
3.086609840393066406e-01
1.302137505263090134e-02
-1.173176616430282593e-01
1.526456326246261597e-01
2.400590479373931885e-01
-1.781819909811019897e-01
2.389302477240562439e-02
3.475009202957153320e-01
-3.550888597965240479e-01
-7.431934773921966553e-02
-1.064654067158699036e-01
3.554271459579467773e-01
4.718038141727447510e-01
4.885806888341903687e-02
3.108325600624084473e-01
-4.324748814105987549e-01
-5.182049274444580078e-01
1.193279549479484558e-01
-1.042826622724533081e-01
3.929630294442176819e-02
5.338200330734252930e-01
6.208480894565582275e-02
-1.003615558147430420e-01
4.522275030612945557e-01
-1.799831688404083252e-01
-1.088718622922897339e-01
1.956754922866821289e-01
-1.996901333332061768e-01
3.298561871051788330e-01
-1.883521378040313721e-01
-6.162746623158454895e-02
4.252059459686279297e-01
2.483972907066345215e-01
6.137476861476898193e-02
-3.213502466678619385e-02
2.152624726295471191e-02
-6.574528664350509644e-02
-2.131942808628082275e-01
-7.192527875304222107e-03
-5.511954426765441895e-01
-3.459438085556030273e-01
-4.802608489990234375e-01
-3.206170499324798584e-01
2.782076001167297363e-01
2.733217179775238037e-01
2.851793766021728516e-01
-5.311862230300903320e-01
-1.618812084197998047e-01
-1.558798551559448242e-01
-1.577515453100204468e-01
-7.707408070564270020e-02
4.740897100418806076e-03
-4.686416983604431152e-01
-6.073485612869262695e-01
3.183375298976898193e-02
3.455397486686706543e-01
3.076236844062805176e-01
