3.392803370952606201e-01
3.965311497449874878e-02
-1.480370163917541504e-01
-1.804998964071273804e-01
1.120859757065773010e-01
-4.473995044827461243e-02
5.280511379241943359e-01
2.120493650436401367e-01
9.537325054407119751e-02
3.249129652976989746e-01
-1.455351412296295166e-01
-4.294849932193756104e-01
6.729096770286560059e-01
7.007683515548706055e-01
-1.042831987142562866e-01
4.909388124942779541e-01
-1.697052419185638428e-01
2.208590060472488403e-01
1.614068895578384399e-01
2.592279016971588135e-01
5.306689441204071045e-02
8.758210539817810059e-01
-6.854447722434997559e-02
2.735018916428089142e-02
-6.684819702059030533e-03
3.394834995269775391e-01
1.664684414863586426e-01
3.882626295089721680e-01
1.126284450292587280e-01
3.176212608814239502e-01
-6.444059312343597412e-02
6.578861474990844727e-01
2.018297463655471802e-01
6.167269349098205566e-01
1.719191819429397583e-01
2.520485222339630127e-01
3.547999262809753418e-01
9.683988243341445923e-02
-5.087084695696830750e-02
4.139137864112854004e-01
-5.005497932434082031e-01
3.873423039913177490e-01
2.993559837341308594e-01
4.902128875255584717e-01
5.786173790693283081e-02
1.524423062801361084e-01
6.704363822937011719e-01
3.282885551452636719e-01
-3.317804336547851562e-01
-1.755991429090499878e-01
3.401148319244384766e-01
1.641322299838066101e-02
4.905835390090942383e-01
4.330520629882812500e-01
1.403312534093856812e-01
3.227697014808654785e-01
-2.419930398464202881e-01
2.601610422134399414e-01
2.218241058290004730e-02
2.448936104774475098e-01
-1.425536125898361206e-01
2.014698833227157593e-01
2.982296645641326904e-01
6.467471718788146973e-01
