1.742991656064987183e-01
1.449915319681167603e-01
-1.278866827487945557e-01
-1.983635127544403076e-01
9.343712776899337769e-02
-5.432069897651672363e-01
-4.918569028377532959e-01
2.761008441448211670e-01
4.979013279080390930e-02
-1.176465302705764771e-01
9.298741072416305542e-02
1.354701966047286987e-01
-2.001063674688339233e-01
-3.885783627629280090e-02
3.716816902160644531e-01
-2.261385172605514526e-01
-9.488221257925033569e-02
-1.064096465706825256e-01
3.591880798339843750e-01
5.799766182899475098e-01
4.211776703596115112e-02
4.054327011108398438e-01
-4.107241630554199219e-01
-6.471744775772094727e-01
7.998608797788619995e-02
-1.818315237760543823e-01
3.194081038236618042e-02
4.162018299102783203e-01
1.395980268716812134e-01
-2.291743904352188110e-01
4.900918006896972656e-01
-8.151895552873611450e-02
-1.614480167627334595e-01
3.230830729007720947e-01
-1.725957542657852173e-01
4.156497418880462646e-01
-6.664367020130157471e-02
-4.986479878425598145e-02
3.809386789798736572e-01
2.191791534423828125e-01
1.716223359107971191e-01
5.439288541674613953e-02
4.925793781876564026e-02
-9.144887328147888184e-02
-2.091998606920242310e-01
-2.359063737094402313e-02
-5.010551214218139648e-01
-2.537910640239715576e-01
-5.949923992156982422e-01
-1.766326874494552612e-01
1.605531722307205200e-01
3.428609371185302734e-01
4.422711133956909180e-01
-4.518481492996215820e-01
-2.133595943450927734e-01
-2.330158352851867676e-01
-2.755085229873657227e-01
-1.305825710296630859e-01
-3.940748050808906555e-03
-4.323691427707672119e-01
-5.210782289505004883e-01
-1.898950040340423584e-01
1.180502995848655701e-01
2.687191963195800781e-01
