2.216822654008865356e-01
4.183166623115539551e-01
-2.603752911090850830e-02
-1.832324564456939697e-01
2.243374139070510864e-01
-4.239683747291564941e-01
-2.255241870880126953e-01
-2.289917618036270142e-01
4.748771190643310547e-01
2.602174282073974609e-01
-3.520123660564422607e-01
2.375814169645309448e-01
3.596093878149986267e-02
3.114813268184661865e-01
6.757933497428894043e-01
-2.638214826583862305e-02
-1.997279822826385498e-01
3.075963854789733887e-01
1.472301334142684937e-01
5.839429497718811035e-01
2.612549364566802979e-01
-4.664871990680694580e-01
3.610702455043792725e-01
-4.794871211051940918e-01
-1.941626518964767456e-01
2.462563514709472656e-01
-6.100122630596160889e-02
-1.200343221426010132e-01
-1.210236400365829468e-01
-2.934425324201583862e-02
2.521917819976806641e-01
-2.540436089038848877e-01
-4.969482719898223877e-01
7.931385934352874756e-02
2.743694186210632324e-01
1.100495010614395142e-01
1.034653037786483765e-01
1.984235197305679321e-01
1.359444409608840942e-01
5.170090198516845703e-01
1.111939176917076111e-01
3.870667815208435059e-01
4.988466203212738037e-01
1.077890172600746155e-01
-3.321844637393951416e-01
-6.382410228252410889e-02
-2.671688795089721680e-01
-4.381435364484786987e-02
-3.699394464492797852e-01
3.188446760177612305e-01
1.568374186754226685e-01
3.019321477040648460e-03
-1.441188454627990723e-01
-3.032716736197471619e-02
-3.040242195129394531e-01
-1.203598007559776306e-01
-4.216172993183135986e-01
-1.820562630891799927e-01
7.652001827955245972e-02
-2.559482157230377197e-01
9.676567465066909790e-02
2.448119223117828369e-01
1.617702543735504150e-01
7.532924413681030273e-02
