2.462598532438278198e-01
-5.415348708629608154e-02
2.250901311635971069e-01
2.671907246112823486e-01
-2.428924590349197388e-01
1.694981940090656281e-03
-4.736318886280059814e-01
1.947170794010162354e-01
8.542648702859878540e-02
1.085187122225761414e-01
1.364182233810424805e-01
5.796099454164505005e-02
-1.820683181285858154e-01
-5.580303072929382324e-02
1.958280056715011597e-02
7.137019634246826172e-01
-1.424351930618286133e-01
-2.711459435522556305e-02
1.960473209619522095e-01
-5.592283606529235840e-02
-3.769244551658630371e-01
-2.990928590297698975e-01
4.037136957049369812e-02
-1.232701689004898071e-01
-5.558960437774658203e-01
3.445388376712799072e-01
-1.145313754677772522e-01
-2.708605024963617325e-03
-4.725999236106872559e-01
6.803654432296752930e-01
4.217710196971893311e-01
6.008680537343025208e-02
4.209808707237243652e-01
-5.803693532943725586e-01
-2.493396699428558350e-01
3.690770566463470459e-01
3.730056881904602051e-01
1.256230771541595459e-01
6.628056615591049194e-02
2.701125442981719971e-01
-1.214612424373626709e-01
-4.674507081508636475e-01
2.585954964160919189e-01
-3.917512595653533936e-01
4.106324613094329834e-01
-4.756567478179931641e-01
1.127703394740819931e-02
5.645927786827087402e-01
-7.445531338453292847e-02
3.285926878452301025e-01
2.386479526758193970e-01
5.412520170211791992e-01
6.599038839340209961e-01
3.185951709747314453e-01
2.112886495888233185e-02
-6.230911612510681152e-01
3.553861081600189209e-01
3.992050290107727051e-01
4.879789054393768311e-01
4.331843256950378418e-01
3.037414848804473877e-01
-5.190236568450927734e-01
2.486451119184494019e-01
-1.057613343000411987e-01
