3.489198684692382812e-01
1.622286252677440643e-02
3.326319158077239990e-01
4.465250968933105469e-01
-2.735906839370727539e-01
1.497075147926807404e-02
-5.668253302574157715e-01
1.362359076738357544e-01
8.782801032066345215e-02
4.217594861984252930e-02
2.170217186212539673e-01
-1.317574381828308105e-01
-1.322406232357025146e-01
-8.500167727470397949e-02
1.630170196294784546e-01
7.355877757072448730e-01
-2.036883980035781860e-01
2.503082714974880219e-02
2.149326950311660767e-01
1.057147700339555740e-02
-4.475480318069458008e-01
-4.764945805072784424e-01
5.444391816854476929e-02
5.464923009276390076e-02
-3.645189702510833740e-01
1.097561866044998169e-01
2.107827737927436829e-02
9.818615764379501343e-02
-2.667252123355865479e-01
5.862063169479370117e-01
2.717935442924499512e-01
9.353158064186573029e-03
3.016114234924316406e-01
-6.210375428199768066e-01
-2.063408493995666504e-01
4.721320271492004395e-01
3.694441318511962891e-01
3.346893787384033203e-01
1.502037793397903442e-01
2.638216614723205566e-01
-2.350391000509262085e-01
-4.597772955894470215e-01
2.855046987533569336e-01
-3.473983108997344971e-01
5.149868726730346680e-01
-3.863346278667449951e-01
-1.996691673994064331e-01
4.690907001495361328e-01
-3.185527026653289795e-02
2.153796404600143433e-01
2.449924796819686890e-01
4.065739810466766357e-01
7.667155861854553223e-01
1.052222177386283875e-01
-6.378703564405441284e-02
-5.752146244049072266e-01
4.050282537937164307e-01
6.094596385955810547e-01
5.784704685211181641e-01
2.544880807399749756e-01
7.791957259178161621e-02
-3.940211534500122070e-01
3.896633982658386230e-01
-1.438765879720449448e-02
