4.718571901321411133e-01
-1.091486513614654541e-01
-2.148385941982269287e-01
-2.649645507335662842e-01
8.556535094976425171e-02
-1.454907953739166260e-01
4.838511943817138672e-01
5.883408710360527039e-02
1.618613004684448242e-01
4.279201030731201172e-01
-2.689190208911895752e-01
-4.576340317726135254e-01
6.294851303100585938e-01
7.914431095123291016e-01
-2.782515287399291992e-01
6.034297347068786621e-01
-2.654948234558105469e-01
1.383179612457752228e-02
1.862321943044662476e-01
1.487094461917877197e-01
2.058891206979751587e-01
8.333411216735839844e-01
3.397455438971519470e-02
-1.535254269838333130e-01
-1.921639777719974518e-02
4.386218190193176270e-01
2.461304068565368652e-01
2.838949561119079590e-01
1.212634891271591187e-01
4.248049557209014893e-01
-1.091405376791954041e-01
7.880944013595581055e-01
1.985128372907638550e-01
4.135142862796783447e-01
1.129179820418357849e-01
1.464920043945312500e-01
3.849391341209411621e-01
-2.122419327497482300e-02
-1.069770473986864090e-02
4.331016540527343750e-01
-4.651902616024017334e-01
5.273423194885253906e-01
4.159374535083770752e-01
5.314236879348754883e-01
7.142052054405212402e-02
2.839979529380798340e-01
8.648752570152282715e-01
2.529284656047821045e-01
-3.646214604377746582e-01
-2.326285094022750854e-01
3.329306244850158691e-01
1.171950716525316238e-02
5.325573682785034180e-01
5.072172284126281738e-01
1.524367630481719971e-01
3.333828449249267578e-01
-2.180390357971191406e-01
3.739983737468719482e-01
1.344864666461944580e-01
2.797639369964599609e-01
2.853796258568763733e-02
1.712913364171981812e-01
3.472237288951873779e-01
7.634330987930297852e-01
