3.371452689170837402e-01
2.628058195114135742e-01
-2.936321543529629707e-03
-1.630621850490570068e-01
2.599000036716461182e-01
-3.130556643009185791e-01
-1.016990020871162415e-01
-1.798668950796127319e-01
4.421396553516387939e-01
1.942801028490066528e-01
-1.471059471368789673e-01
1.223104521632194519e-01
-6.073887646198272705e-02
1.287588179111480713e-01
5.980473756790161133e-01
5.946769565343856812e-02
-2.807407081127166748e-01
3.486455380916595459e-01
1.469765305519104004e-01
6.691160798072814941e-01
8.828634768724441528e-02
-2.272219210863113403e-01
5.100348591804504395e-01
-4.912097752094268799e-01
-3.192355632781982422e-01
3.175781071186065674e-01
5.290807783603668213e-02
-1.295892000198364258e-01
-1.622513234615325928e-01
-9.556324034929275513e-02
4.769715368747711182e-01
-2.822622060775756836e-01
-5.695969462394714355e-01
2.134444713592529297e-01
3.573785722255706787e-01
4.653732106089591980e-02
-1.077697500586509705e-01
3.460864126682281494e-01
-2.654012758284807205e-03
4.334664940834045410e-01
1.264895051717758179e-01
3.948259055614471436e-01
5.873944759368896484e-01
1.172743737697601318e-01
-1.285816729068756104e-01
-2.081398367881774902e-01
-2.393884360790252686e-01
9.387399256229400635e-02
-3.306428790092468262e-01
2.154615670442581177e-01
1.214238479733467102e-01
-8.108966052532196045e-02
-1.310454308986663818e-01
-3.662683814764022827e-02
-4.135711491107940674e-01
-5.470613017678260803e-02
-2.729786038398742676e-01
-1.567115038633346558e-01
-5.619859322905540466e-02
-3.603609502315521240e-01
3.887284174561500549e-02
2.166817486286163330e-01
5.630517005920410156e-02
-1.477755233645439148e-02
