2.830000817775726318e-01
-8.223141729831695557e-02
-1.222890317440032959e-01
-2.717049233615398407e-02
2.045772075653076172e-01
4.593675136566162109e-01
2.096654921770095825e-01
2.750019431114196777e-01
1.053639724850654602e-01
-6.279129534959793091e-02
-2.224691212177276611e-01
-2.989894943311810493e-03
6.090599298477172852e-02
4.014329016208648682e-01
1.303922012448310852e-02
3.547610044479370117e-01
-1.167083308100700378e-01
2.101016640663146973e-01
-1.669441163539886475e-01
4.625819995999336243e-02
2.401711791753768921e-01
3.724605441093444824e-01
-9.324472397565841675e-02
-1.136485207825899124e-02
1.370633393526077271e-01
2.199933230876922607e-01
6.468586325645446777e-01
1.117486283183097839e-01
4.552041292190551758e-01
8.674967288970947266e-02
-2.285527437925338745e-02
7.514753937721252441e-02
-2.750342711806297302e-03
8.471885323524475098e-02
4.369539320468902588e-01
6.699374318122863770e-02
1.904209107160568237e-01
4.018142819404602051e-01
2.379212677478790283e-01
3.763977885246276855e-01
-6.094550490379333496e-01
3.508852422237396240e-01
-7.171348202973604202e-03
1.012850761413574219e+00
2.829589843750000000e-01
7.670744508504867554e-02
1.480053067207336426e-01
1.108436435461044312e-01
-4.401439726352691650e-01
-5.051788687705993652e-01
2.248180955648422241e-01
2.157817594707012177e-02
4.017809778451919556e-02
-7.856584340333938599e-02
3.197040557861328125e-01
5.394051223993301392e-02
-9.349269419908523560e-02
3.706085085868835449e-01
2.052421569824218750e-01
6.156315207481384277e-01
-3.954266011714935303e-02
1.036128476262092590e-01
3.003586232662200928e-01
1.876924186944961548e-01
