2.052479088306427002e-01
-5.707866698503494263e-02
-2.391625940799713135e-01
-8.163292706012725830e-02
2.612856924533843994e-01
-7.647156715393066406e-02
2.969543635845184326e-01
-2.230453640222549438e-01
2.396155148744583130e-01
1.980692595243453979e-01
-2.503505945205688477e-01
1.300011724233627319e-01
1.823992133140563965e-01
-1.945430040359497070e-01
-1.020640283823013306e-01
9.649665094912052155e-03
3.857431113719940186e-01
-2.374754399061203003e-01
3.285069167613983154e-01
-3.483366072177886963e-01
-4.793783128261566162e-01
2.694256305694580078e-01
-1.705790311098098755e-01
-4.803789556026458740e-01
-1.599456220865249634e-01
-2.293247282505035400e-01
4.947125539183616638e-02
5.140512585639953613e-01
4.208792150020599365e-01
-1.195445209741592407e-01
2.937222421169281006e-01
-1.639719456434249878e-01
-6.135797873139381409e-02
7.047523558139801025e-02
-1.520731002092361450e-01
-3.407477140426635742e-01
2.091697305440902710e-01
3.195342719554901123e-01
-1.784031391143798828e-01
3.323377296328544617e-02
-1.675973683595657349e-01
-4.566247388720512390e-02
3.731744587421417236e-01
-4.140444397926330566e-01
-4.606922343373298645e-02
-2.495805919170379639e-01
-3.527716696262359619e-01
3.556328415870666504e-01
-4.170377850532531738e-01
2.472086250782012939e-01
-8.357414603233337402e-02
-6.358533352613449097e-02
-2.899521589279174805e-01
1.621383428573608398e-01
6.022251844406127930e-01
-2.066364586353302002e-01
1.500496873632073402e-03
-5.594091415405273438e-01
-7.576135545969009399e-02
-2.322749495506286621e-01
1.337749417871236801e-02
2.595877042040228844e-03
-1.147407293319702148e-01
-2.858402021229267120e-02
