-1.351345479488372803e-01
-1.965555399656295776e-01
-4.097611829638481140e-02
-3.866688609123229980e-01
6.263682246208190918e-01
7.015075534582138062e-02
-2.738593518733978271e-01
2.156935483217239380e-01
7.267247885465621948e-02
-1.837795078754425049e-01
-2.036591321229934692e-01
3.955320417881011963e-01
1.582310795783996582e-01
2.229270339012145996e-01
4.262450039386749268e-01
6.552255153656005859e-02
-1.630378514528274536e-01
3.290891647338867188e-01
2.516742050647735596e-02
2.518652081489562988e-01
-2.445344328880310059e-01
-8.941037207841873169e-02
-3.131928294897079468e-02
-1.211773157119750977e-01
-2.421411424875259399e-01
3.410860300064086914e-01
-2.975373268127441406e-01
-2.725741863250732422e-01
1.086644828319549561e-01
2.007757723331451416e-01
-5.800948664546012878e-02
3.040613792836666107e-02
-3.448238968849182129e-01
-3.195711374282836914e-01
1.804821640253067017e-01
5.812536552548408508e-02
6.913840025663375854e-02
7.807234525680541992e-01
8.620899915695190430e-01
3.401876091957092285e-01
-5.233525037765502930e-01
2.031861990690231323e-01
-8.543740212917327881e-02
5.543839335441589355e-01
-3.101640343666076660e-01
2.551617026329040527e-01
-6.536470353603363037e-02
-3.746435791254043579e-02
-3.598630428314208984e-01
-8.158618211746215820e-02
6.375312060117721558e-02
4.227225854992866516e-02
-2.970260381698608398e-01
-5.849506333470344543e-02
3.426627218723297119e-01
8.965997025370597839e-03
-3.631434142589569092e-01
1.537913363426923752e-02
-4.570918679237365723e-01
2.235622406005859375e-01
-6.508682668209075928e-02
3.980958461761474609e-02
-8.240239322185516357e-02
7.044205069541931152e-01
