2.857501804828643799e-01
-2.719258368015289307e-01
3.497727513313293457e-01
3.101546466350555420e-01
-1.747031211853027344e-01
1.025060042738914490e-01
-4.446069896221160889e-01
4.083572030067443848e-01
-3.196438252925872803e-01
5.910866893827915192e-03
-4.014576375484466553e-01
1.480539143085479736e-01
2.004473209381103516e-01
3.606933653354644775e-01
2.889615595340728760e-01
-1.106579080224037170e-01
-3.638334572315216064e-01
1.381035707890987396e-02
3.195416033267974854e-01
2.186186015605926514e-01
-3.144752085208892822e-01
-4.850684702396392822e-01
-6.475368887186050415e-02
8.022443950176239014e-02
-1.692046225070953369e-01
1.900815665721893311e-01
3.135397136211395264e-01
-3.348427414894104004e-01
3.237079363316297531e-03
2.974790334701538086e-01
6.080890297889709473e-01
-1.813841238617897034e-02
-2.250387817621231079e-01
-3.800219893455505371e-01
-3.557868897914886475e-01
5.698335170745849609e-01
4.288749694824218750e-01
5.129688382148742676e-01
2.254258692264556885e-01
1.293189357966184616e-02
5.094715952873229980e-02
-2.491622865200042725e-01
9.949277341365814209e-02
-3.022371977567672729e-02
4.821882843971252441e-01
-3.784535452723503113e-02
3.699550777673721313e-02
1.353256404399871826e-01
2.058253139257431030e-01
2.875388264656066895e-01
-3.856640756130218506e-01
4.294475317001342773e-01
4.507051706314086914e-01
3.187393844127655029e-01
4.546937644481658936e-01
-2.213739901781082153e-01
3.220549225807189941e-01
6.380503177642822266e-01
3.592730462551116943e-01
4.029633402824401855e-01
1.774277091026306152e-01
-2.267896980047225952e-01
5.425604581832885742e-01
-5.579308792948722839e-02
