1.830902993679046631e-01
-3.423023521900177002e-01
2.422294318675994873e-01
1.308214962482452393e-01
-1.440050452947616577e-01
8.923015743494033813e-02
-3.514124155044555664e-01
4.668384492397308350e-01
-3.220453560352325439e-01
7.225377857685089111e-02
-4.820615947246551514e-01
3.377728462219238281e-01
1.506197154521942139e-01
3.898920118808746338e-01
1.455270498991012573e-01
-1.325434893369674683e-01
-3.025805950164794922e-01
-3.833479434251785278e-02
3.006562888622283936e-01
1.521244496107101440e-01
-2.438514381647109985e-01
-3.076668679714202881e-01
-7.882620394229888916e-02
-9.769485890865325928e-02
-3.605817854404449463e-01
4.248642027378082275e-01
1.779304295778274536e-01
-4.357374310493469238e-01
-2.026373147964477539e-01
3.916382789611816406e-01
7.580665946006774902e-01
3.259487077593803406e-02
-1.056692004203796387e-01
-3.393534421920776367e-01
-3.987857401371002197e-01
4.667789340019226074e-01
4.324364066123962402e-01
3.039025068283081055e-01
1.415015757083892822e-01
1.922263205051422119e-02
1.645251363515853882e-01
-2.568358182907104492e-01
7.258357852697372437e-02
-7.457692921161651611e-02
3.778340816497802734e-01
-1.271670609712600708e-01
2.479412853717803955e-01
2.308275550603866577e-01
1.632255315780639648e-01
4.007512032985687256e-01
-3.920086920261383057e-01
5.641241669654846191e-01
3.438934683799743652e-01
5.321159362792968750e-01
5.396099090576171875e-01
-2.692511975765228271e-01
2.724130153656005859e-01
4.277930855751037598e-01
2.687820196151733398e-01
5.816590785980224609e-01
4.032491743564605713e-01
-3.517943620681762695e-01
4.015419483184814453e-01
-1.471671909093856812e-01
