-1.967152208089828491e-02
-3.520673215389251709e-01
-1.787481829524040222e-02
-3.664984703063964844e-01
6.619303226470947266e-01
1.810625046491622925e-01
-1.500342488288879395e-01
2.648186087608337402e-01
3.993531316518783569e-02
-2.497162669897079468e-01
1.246641506440937519e-03
2.802604734897613525e-01
6.153046712279319763e-02
4.020481929183006287e-02
3.484995663166046143e-01
1.513720899820327759e-01
-2.440502941608428955e-01
3.701383173465728760e-01
2.491382509469985962e-02
3.370380401611328125e-01
-4.175029695034027100e-01
1.498549282550811768e-01
1.176455467939376831e-01
-1.328997611999511719e-01
-3.672135472297668457e-01
4.124071300029754639e-01
-1.836279481649398804e-01
-2.821291685104370117e-01
6.743702292442321777e-02
1.345572620630264282e-01
1.667706966400146484e-01
2.187910722568631172e-03
-4.174728691577911377e-01
-1.854408383369445801e-01
2.634907960891723633e-01
-5.386771168559789658e-03
-1.420972049236297607e-01
9.283866882324218750e-01
7.234909534454345703e-01
2.566438615322113037e-01
-5.080568790435791016e-01
2.109455019235610962e-01
3.110987832769751549e-03
5.638692975044250488e-01
-1.065610945224761963e-01
1.108457222580909729e-01
-3.758369013667106628e-02
1.002240628004074097e-01
-3.205666840076446533e-01
-1.849682331085205078e-01
2.833916991949081421e-02
-4.183663427829742432e-02
-2.839525341987609863e-01
-6.479506939649581909e-02
2.331159561872482300e-01
7.461958378553390503e-02
-2.145047932863235474e-01
4.072351753711700439e-02
-5.898092985153198242e-01
1.191497817635536194e-01
-1.229797750711441040e-01
1.167960744351148605e-02
-1.878672987222671509e-01
6.143133044242858887e-01
