1.504227966070175171e-01
6.656987965106964111e-02
-5.548710376024246216e-02
5.729454755783081055e-02
2.310978919267654419e-01
5.601184368133544922e-01
2.538681626319885254e-01
4.282169640064239502e-01
3.887633979320526123e-02
-1.657983213663101196e-01
-9.908679127693176270e-02
2.515932545065879822e-02
1.043303087353706360e-01
3.107582926750183105e-01
1.870088726282119751e-01
2.422729432582855225e-01
-2.091896533966064453e-02
4.171281754970550537e-01
-1.917693167924880981e-01
1.567760258913040161e-01
8.734876662492752075e-02
4.149402976036071777e-01
-1.957637071609497070e-01
1.695111393928527832e-01
1.495949029922485352e-01
1.208552196621894836e-01
5.671972036361694336e-01
2.161163687705993652e-01
4.465691149234771729e-01
-2.043436653912067413e-02
2.184437587857246399e-02
-5.506088957190513611e-02
5.665342323482036591e-04
2.879298627376556396e-01
4.959546923637390137e-01
1.725503504276275635e-01
1.602814048528671265e-01
5.198782682418823242e-01
1.977480798959732056e-01
3.572099506855010986e-01
-6.448144912719726562e-01
2.108846157789230347e-01
-1.237520352005958557e-01
9.716393351554870605e-01
2.693996727466583252e-01
-5.484879016876220703e-02
-4.643316566944122314e-02
1.862039268016815186e-01
-4.073027074337005615e-01
-4.481486082077026367e-01
2.320024371147155762e-01
2.627184987068176270e-02
-1.796721480786800385e-03
-1.527305245399475098e-01
3.075985908508300781e-01
4.332733526825904846e-02
-1.174467951059341431e-01
2.567712366580963135e-01
9.293846786022186279e-02
5.807607769966125488e-01
-2.106342017650604248e-01
1.337910890579223633e-01
2.513643801212310791e-01
7.100638747215270996e-02
