2.004258707165718079e-02
-4.610424116253852844e-02
-1.447100043296813965e-01
-1.050653830170631409e-01
1.225254759192466736e-01
-2.492655217647552490e-01
3.243376314640045166e-01
-1.904853731393814087e-01
2.028467953205108643e-01
1.983981281518936157e-01
-1.906926482915878296e-01
2.345900982618331909e-01
2.043231725692749023e-01
-1.317920386791229248e-01
-1.262444555759429932e-01
-1.193008720874786377e-01
4.063058197498321533e-01
-2.375312000513076782e-01
3.247461318969726562e-01
-4.565095305442810059e-01
-4.726379811763763428e-01
1.748252660036087036e-01
-1.923293024301528931e-01
-3.514099121093750000e-01
-1.206037253141403198e-01
-1.517757624387741089e-01
5.682674050331115723e-02
6.316682696342468262e-01
3.433663547039031982e-01
9.268349967896938324e-03
2.558580935001373291e-01
-2.624365687370300293e-01
-8.781280368566513062e-03
-5.693247541785240173e-02
-1.791673898696899414e-01
-4.265402853488922119e-01
8.746204525232315063e-02
3.077718615531921387e-01
-1.341360956430435181e-01
6.245150044560432434e-02
-2.778450250625610352e-01
-1.321905553340911865e-01
3.454431593418121338e-01
-3.883406221866607666e-01
-5.006357282400131226e-02
-2.331826537847518921e-01
-4.029127061367034912e-01
2.634791433811187744e-01
-3.023068606853485107e-01
1.032237634062767029e-01
3.408013656735420227e-02
-1.331246644258499146e-01
-4.470441043376922607e-01
8.280233293771743774e-02
6.537037491798400879e-01
-1.295002698898315430e-01
1.192584782838821411e-01
-5.059007406234741211e-01
-6.707966327667236328e-02
-2.685480415821075439e-01
-7.289319485425949097e-02
2.243247330188751221e-01
1.127496659755706787e-01
1.032058894634246826e-02
